119, 118, 2, 2, 2014-08-08
103, 112, 3, 3, 2014-08-09
106, 105, 0, 3, 2014-08-09
107, 121, 0, 2, 2014-08-09
109, 113, 0, 0, 2014-08-09
115, 104, 0, 1, 2014-08-09
116, 108, 1, 0, 2014-08-09
117, 122, 3, 2, 2014-08-09
111, 120, 2, 0, 2014-08-10
114, 110, 1, 2, 2014-08-10
105, 109, 0, 1, 2014-08-15
108, 107, 0, 1, 2014-08-16
110, 117, 0, 0, 2014-08-16
113, 116, 1, 1, 2014-08-16
118, 103, 2, 0, 2014-08-16
120, 106, 6, 2, 2014-08-16
122, 111, 2, 1, 2014-08-16
104, 114, 4, 1, 2014-08-17
112, 115, 0, 2, 2014-08-17
121, 119, 3, 1, 2014-08-17
106, 118, 0, 0, 2014-08-22
103, 122, 1, 0, 2014-08-23
107, 112, 0, 1, 2014-08-23
109, 110, 2, 0, 2014-08-23
115, 113, 2, 0, 2014-08-23
117, 104, 1, 3, 2014-08-23
119, 105, 0, 2, 2014-08-23
111, 108, 0, 1, 2014-08-24
116, 114, 0, 1, 2014-08-24
121, 120, 0, 0, 2014-08-24
112, 117, 4, 0, 2014-08-29
105, 120, 0, 1, 2014-08-30
108, 119, 4, 2, 2014-08-30
110, 107, 4, 0, 2014-08-30
114, 109, 1, 1, 2014-08-30
116, 115, 1, 0, 2014-08-30
122, 106, 1, 0, 2014-08-30
104, 103, 1, 1, 2014-08-31
113, 111, 2, 1, 2014-08-31
118, 121, 5, 0, 2014-08-31
111, 114, 2, 1, 2014-09-12
103, 108, 1, 1, 2014-09-13
115, 110, 1, 0, 2014-09-13
117, 113, 1, 0, 2014-09-13
119, 122, 2, 0, 2014-09-13
120, 118, 1, 1, 2014-09-13
121, 105, 1, 0, 2014-09-13
106, 112, 1, 3, 2014-09-14
107, 104, 2, 1, 2014-09-14
109, 116, 2, 0, 2014-09-14
104, 106, 2, 1, 2014-09-19
110, 119, 0, 1, 2014-09-20
112, 120, 3, 0, 2014-09-20
113, 103, 3, 1, 2014-09-20
116, 117, 2, 1, 2014-09-20
122, 105, 3, 3, 2014-09-20
108, 121, 0, 1, 2014-09-21
109, 115, 0, 0, 2014-09-21
114, 107, 1, 0, 2014-09-21
118, 111, 1, 1, 2014-09-21
119, 112, 0, 5, 2014-09-23
120, 122, 0, 3, 2014-09-23
103, 116, 0, 0, 2014-09-24
105, 118, 0, 2, 2014-09-24
106, 108, 2, 1, 2014-09-24
107, 113, 0, 1, 2014-09-24
111, 110, 4, 0, 2014-09-24
115, 114, 0, 1, 2014-09-24
117, 109, 1, 0, 2014-09-24
121, 104, 1, 1, 2014-09-25
109, 103, 1, 0, 2014-09-27
110, 106, 0, 2, 2014-09-27
113, 119, 3, 0, 2014-09-27
114, 117, 0, 1, 2014-09-27
115, 107, 2, 1, 2014-09-27
122, 118, 1, 1, 2014-09-27
104, 120, 2, 1, 2014-09-28
108, 105, 0, 0, 2014-09-28
112, 121, 2, 1, 2014-09-28
116, 111, 1, 1, 2014-09-28
103, 110, 0, 2, 2014-10-04
105, 112, 1, 2, 2014-10-04
106, 113, 3, 0, 2014-10-04
107, 116, 0, 1, 2014-10-05
111, 109, 3, 0, 2014-10-05
117, 115, 1, 1, 2014-10-04
118, 114, 1, 1, 2014-10-05
119, 104, 1, 0, 2014-10-03
120, 108, 2, 0, 2014-10-04
121, 122, 0, 1, 2014-10-05
108, 118, 1, 3, 2014-10-17
109, 107, 1, 2, 2014-10-18
110, 121, 0, 1, 2014-10-18
113, 120, 0, 0, 2014-10-18
114, 106, 2, 0, 2014-10-18
116, 119, 1, 1, 2014-10-18
117, 103, 0, 1, 2014-10-18
104, 105, 1, 1, 2014-10-19
111, 115, 5, 1, 2014-10-19
112, 122, 2, 0, 2014-10-19
122, 108, 0, 2, 2014-10-24
103, 114, 1, 3, 2014-10-25
105, 110, 2, 1, 2014-10-25
106, 116, 0, 2, 2014-10-25
118, 104, 3, 0, 2014-10-25
119, 115, 1, 0, 2014-10-25
107, 117, 2, 7, 2014-10-26
111, 112, 1, 0, 2014-10-26
120, 109, 2, 0, 2014-10-26
121, 113, 1, 0, 2014-10-26
114, 119, 1, 1, 2014-10-31
107, 103, 1, 0, 2014-11-01
109, 121, 1, 1, 2014-11-01
110, 118, 1, 2, 2014-11-01
113, 105, 3, 2, 2014-11-01
115, 106, 2, 0, 2014-11-01
117, 111, 1, 3, 2014-11-01
104, 122, 2, 1, 2014-11-02
112, 108, 2, 1, 2014-11-02
116, 120, 1, 1, 2014-11-02
120, 110, 1, 0, 2014-11-07
103, 115, 2, 0, 2014-11-08
105, 116, 1, 2, 2014-11-08
106, 117, 1, 0, 2014-11-08
108, 104, 1, 2, 2014-11-08
122, 113, 3, 0, 2014-11-08
111, 107, 3, 1, 2014-11-09
118, 112, 2, 0, 2014-11-09
119, 109, 2, 0, 2014-11-09
121, 114, 1, 1, 2014-11-09
113, 118, 2, 3, 2014-11-21
103, 111, 0, 0, 2014-11-22
107, 120, 0, 1, 2014-11-22
110, 108, 1, 0, 2014-11-22
114, 105, 2, 2, 2014-11-22
117, 119, 0, 0, 2014-11-22
112, 104, 3, 1, 2014-11-23
115, 122, 2, 0, 2014-11-23
116, 121, 0, 0, 2014-11-23
112, 116, 2, 0, 2014-11-28
105, 115, 1, 1, 2014-11-29
108, 113, 2, 0, 2014-11-29
118, 117, 1, 0, 2014-11-29
119, 103, 2, 1, 2014-11-29
120, 114, 2, 0, 2014-11-29
122, 110, 2, 3, 2014-11-29
104, 109, 1, 0, 2014-11-30
106, 107, 2, 0, 2014-11-30
121, 111, 3, 0, 2014-11-30
110, 112, 1, 1, 2014-12-02
114, 108, 2, 0, 2014-12-02
116, 122, 1, 2, 2014-12-02
103, 106, 1, 2, 2014-12-03
107, 105, 5, 1, 2014-12-03
109, 118, 1, 1, 2014-12-03
113, 104, 0, 0, 2014-12-03
115, 121, 0, 2, 2014-12-03
117, 120, 1, 2, 2014-12-03
111, 119, 2, 1, 2014-12-04
122, 114, 0, 2, 2014-12-05
104, 110, 3, 2, 2014-12-06
105, 117, 2, 3, 2014-12-06
118, 116, 2, 1, 2014-12-06
120, 115, 0, 4, 2014-12-06
121, 103, 1, 0, 2014-12-06
106, 111, 2, 3, 2014-12-07
108, 109, 1, 1, 2014-12-07
112, 113, 3, 1, 2014-12-07
119, 107, 2, 3, 2014-12-07
111, 105, 3, 0, 2014-12-12
103, 120, 2, 0, 2014-12-13
110, 113, 3, 1, 2014-12-13
115, 108, 3, 3, 2014-12-13
116, 104, 2, 1, 2014-12-13
119, 106, 3, 2, 2014-12-13
107, 118, 1, 0, 2014-12-14
109, 122, 3, 0, 2014-12-14
114, 112, 1, 0, 2014-12-14
117, 121, 0, 0, 2014-12-14
108, 117, 2, 0, 2014-12-19
105, 103, 1, 1, 2014-12-20
110, 116, 1, 2, 2014-12-20
113, 114, 0, 1, 2014-12-20
118, 115, 0, 0, 2014-12-20
120, 119, 1, 3, 2014-12-20
122, 107, 1, 1, 2014-12-20
104, 111, 0, 5, 2014-12-21
112, 109, 2, 1, 2014-12-21
121, 106, 3, 0, 2014-12-21
109, 106, 1, 0, 2015-01-07
115, 112, 2, 1, 2015-01-09
103, 118, 4, 2, 2015-01-10
106, 120, 1, 1, 2015-01-10
107, 108, 2, 0, 2015-01-10
109, 105, 1, 0, 2015-01-10
117, 110, 3, 1, 2015-01-10
119, 121, 1, 2, 2015-01-10
111, 122, 3, 0, 2015-01-11
114, 104, 0, 0, 2015-01-11
116, 113, 0, 0, 2015-01-11
104, 117, 1, 2, 2015-01-16
105, 119, 4, 1, 2015-01-17
108, 111, 0, 2, 2015-01-17
110, 109, 1, 0, 2015-01-17
113, 115, 2, 3, 2015-01-17
114, 116, 1, 0, 2015-01-17
122, 103, 1, 1, 2015-01-17
112, 107, 2, 1, 2015-01-18
118, 106, 4, 2, 2015-01-18
120, 121, 0, 0, 2015-01-18
117, 112, 2, 1, 2015-01-23
103, 104, 0, 0, 2015-01-24
106, 122, 1, 0, 2015-01-24
107, 110, 3, 2, 2015-01-24
109, 114, 0, 1, 2015-01-24
115, 116, 4, 0, 2015-01-24
111, 113, 2, 0, 2015-01-25
119, 108, 0, 0, 2015-01-25
120, 105, 1, 4, 2015-01-25
121, 118, 0, 1, 2015-01-25
118, 120, 1, 0, 2015-01-30
108, 103, 1, 1, 2015-01-31
110, 115, 0, 0, 2015-01-31
112, 106, 1, 0, 2015-01-31
113, 117, 0, 0, 2015-01-31
116, 109, 1, 1, 2015-01-31
122, 119, 1, 0, 2015-01-31
104, 107, 1, 1, 2015-02-01
105, 121, 1, 0, 2015-02-01
114, 111, 0, 0, 2015-02-01
121, 108, 3, 3, 2015-02-06
103, 113, 2, 0, 2015-02-07
105, 122, 2, 0, 2015-02-07
106, 104, 0, 1, 2015-02-07
115, 109, 1, 2, 2015-02-07
119, 110, 1, 3, 2015-02-07
120, 112, 1, 1, 2015-02-07
107, 114, 1, 0, 2015-02-08
111, 118, 1, 1, 2015-02-08
117, 116, 0, 0, 2015-02-08
112, 119, 2, 2, 2015-02-13
108, 106, 0, 2, 2015-02-14
109, 117, 0, 0, 2015-02-14
116, 103, 0, 2, 2015-02-14
118, 105, 2, 2, 2015-02-14
122, 120, 2, 1, 2015-02-14
104, 121, 1, 0, 2015-02-15
110, 111, 1, 1, 2015-02-15
113, 107, 0, 2, 2015-02-15
117, 114, 0, 1, 2015-02-20
103, 109, 2, 1, 2015-02-21
105, 108, 4, 1, 2015-02-21
118, 122, 3, 1, 2015-02-21
120, 104, 1, 1, 2015-02-21
107, 115, 0, 2, 2015-02-22
111, 116, 1, 0, 2015-02-22
119, 113, 0, 0, 2015-02-22
121, 112, 2, 2, 2015-02-22
112, 105, 2, 3, 2015-02-27
104, 119, 1, 1, 2015-02-28
108, 120, 0, 1, 2015-02-28
109, 111, 2, 1, 2015-02-28
110, 103, 2, 0, 2015-02-28
113, 106, 1, 2, 2015-02-28
122, 121, 1, 1, 2015-02-28
114, 118, 0, 0, 2015-03-01
115, 117, 2, 1, 2015-03-01
116, 107, 1, 0, 2015-03-01
106, 110, 1, 0, 2015-03-04
122, 112, 1, 6, 2015-03-06
103, 117, 2, 1, 2015-03-07
105, 104, 1, 2, 2015-03-07
106, 114, 1, 3, 2015-03-07
118, 108, 4, 1, 2015-03-07
119, 116, 3, 1, 2015-03-07
120, 113, 1, 0, 2015-03-07
107, 109, 0, 1, 2015-03-08
115, 111, 1, 5, 2015-03-08
121, 110, 2, 0, 2015-03-08
114, 103, 3, 0, 2015-03-13
117, 107, 1, 2, 2015-03-13
108, 122, 1, 0, 2015-03-14
110, 105, 2, 1, 2015-03-14
113, 121, 2, 3, 2015-03-14
115, 119, 3, 1, 2015-03-14
116, 106, 2, 1, 2015-03-14
104, 118, 3, 2, 2015-03-15
109, 120, 3, 0, 2015-03-15
112, 111, 0, 0, 2015-03-15
118, 110, 3, 1, 2015-03-20
103, 107, 0, 0, 2015-03-21
105, 113, 0, 0, 2015-03-21
106, 115, 1, 0, 2015-03-21
111, 117, 1, 2, 2015-03-21
120, 116, 0, 0, 2015-03-21
122, 104, 2, 1, 2015-03-21
108, 112, 0, 4, 2015-03-22
119, 114, 1, 3, 2015-03-22
121, 109, 2, 0, 2015-03-22
114, 121, 1, 1, 2015-04-03
107, 111, 1, 3, 2015-04-04
109, 119, 3, 1, 2015-04-04
110, 120, 0, 3, 2015-04-04
113, 122, 3, 2, 2015-04-04
115, 103, 3, 1, 2015-04-04
117, 106, 2, 2, 2015-04-04
104, 108, 2, 1, 2015-04-05
112, 118, 2, 3, 2015-04-05
116, 105, 1, 2, 2015-04-05
114, 115, 0, 0, 2015-04-07
105, 114, 0, 3, 2015-04-10
104, 112, 1, 0, 2015-04-12
106, 109, 0, 1, 2015-04-12
108, 110, 0, 0, 2015-04-12
119, 117, 0, 1, 2015-04-12
120, 107, 1, 0, 2015-04-12
121, 116, 1, 0, 2015-04-12
122, 115, 1, 0, 2015-04-12
111, 103, 2, 0, 2015-04-15
116, 112, 1, 0, 2015-04-17
103, 119, 1, 2, 2015-04-18
107, 106, 1, 1, 2015-04-18
110, 122, 0, 1, 2015-04-18
113, 108, 3, 1, 2015-04-18
114, 120, 1, 1, 2015-04-18
117, 118, 1, 3, 2015-04-18
109, 104, 2, 0, 2015-04-19
111, 121, 2, 2, 2015-04-19
115, 105, 1, 0, 2015-04-19
112, 110, 3, 5, 2015-04-24
104, 113, 1, 1, 2015-04-25
105, 107, 0, 2, 2015-04-25
106, 103, 1, 2, 2015-04-25
118, 109, 6, 1, 2015-04-25
120, 117, 2, 1, 2015-04-25
122, 116, 1, 1, 2015-04-25
108, 114, 0, 3, 2015-04-26
119, 111, 2, 4, 2015-04-26
121, 115, 1, 0, 2015-04-26
118, 113, 3, 1, 2015-04-28
113, 112, 0, 2, 2015-05-01
103, 121, 1, 0, 2015-05-02
107, 119, 2, 0, 2015-05-02
110, 104, 0, 0, 2015-05-02
111, 106, 2, 0, 2015-05-02
115, 120, 0, 0, 2015-05-02
117, 105, 1, 1, 2015-05-02
109, 108, 3, 1, 2015-05-03
114, 122, 4, 1, 2015-05-03
116, 118, 0, 2, 2015-05-03
