86, 102, 2, 1, 2014-08-22
93, 85, 2, 0, 2014-08-23
91, 99, 2, 1, 2014-08-23
92, 101, 2, 2, 2014-08-23
88, 89, 1, 0, 2014-08-23
94, 90, 0, 0, 2014-08-23
87, 95, 0, 2, 2014-08-23
98, 96, 2, 2, 2014-08-24
97, 100, 1, 1, 2014-08-24
85, 87, 2, 3, 2014-08-29
95, 92, 4, 2, 2014-08-30
102, 88, 2, 2, 2014-08-30
101, 93, 1, 1, 2014-08-30
100, 94, 0, 2, 2014-08-30
90, 98, 0, 3, 2014-08-30
99, 86, 1, 1, 2014-08-30
96, 91, 0, 0, 2014-08-31
89, 97, 0, 0, 2014-08-31
95, 101, 3, 3, 2014-09-12
86, 100, 2, 0, 2014-09-13
87, 89, 3, 1, 2014-09-13
93, 102, 1, 1, 2014-09-13
92, 96, 1, 3, 2014-09-13
98, 94, 0, 0, 2014-09-13
97, 99, 4, 1, 2014-09-13
88, 85, 0, 1, 2014-09-14
91, 90, 2, 0, 2014-09-14
89, 92, 2, 2, 2014-09-19
99, 88, 2, 2, 2014-09-20
85, 101, 4, 2, 2014-09-20
100, 93, 0, 2, 2014-09-20
90, 86, 0, 0, 2014-09-20
98, 91, 2, 0, 2014-09-20
102, 95, 4, 1, 2014-09-21
96, 87, 2, 0, 2014-09-21
94, 97, 0, 0, 2014-09-21
86, 98, 4, 0, 2014-09-24
87, 100, 2, 2, 2014-09-24
95, 85, 1, 0, 2014-09-24
97, 90, 1, 0, 2014-09-24
93, 89, 3, 3, 2014-09-24
91, 94, 1, 0, 2014-09-24
92, 102, 1, 0, 2014-09-24
101, 99, 0, 3, 2014-09-24
88, 96, 2, 2, 2014-09-24
99, 87, 2, 1, 2014-09-27
102, 101, 2, 1, 2014-09-27
96, 93, 0, 0, 2014-09-27
85, 92, 1, 0, 2014-09-27
89, 95, 0, 0, 2014-09-27
100, 91, 1, 0, 2014-09-27
90, 88, 1, 2, 2014-09-27
94, 86, 0, 2, 2014-09-27
98, 97, 1, 2, 2014-09-27
86, 91, 4, 0, 2014-10-04
87, 90, 0, 1, 2014-10-04
95, 98, 2, 2, 2014-10-04
102, 85, 1, 0, 2014-10-04
97, 96, 1, 1, 2014-10-04
93, 99, 2, 1, 2014-10-04
92, 100, 3, 2, 2014-10-04
101, 89, 1, 1, 2014-10-04
88, 94, 3, 2, 2014-10-04
86, 101, 6, 0, 2014-10-18
99, 92, 2, 0, 2014-10-18
96, 85, 2, 1, 2014-10-18
91, 97, 0, 3, 2014-10-18
89, 102, 1, 2, 2014-10-18
100, 95, 3, 3, 2014-10-18
90, 93, 1, 1, 2014-10-18
94, 87, 2, 1, 2014-10-18
98, 88, 3, 1, 2014-10-18
87, 91, 0, 1, 2014-10-25
95, 99, 1, 0, 2014-10-25
102, 96, 3, 0, 2014-10-25
97, 86, 0, 0, 2014-10-25
85, 89, 2, 0, 2014-10-25
93, 98, 1, 0, 2014-10-25
92, 90, 3, 0, 2014-10-25
101, 94, 0, 1, 2014-10-25
88, 100, 4, 5, 2014-10-25
86, 87, 2, 1, 2014-11-01
99, 85, 1, 0, 2014-11-01
97, 93, 3, 1, 2014-11-01
96, 101, 1, 2, 2014-11-01
91, 88, 1, 0, 2014-11-01
100, 102, 0, 4, 2014-11-01
90, 95, 1, 0, 2014-11-01
94, 89, 0, 1, 2014-11-01
98, 92, 3, 1, 2014-11-01
87, 97, 1, 0, 2014-11-08
95, 96, 0, 0, 2014-11-08
102, 90, 2, 0, 2014-11-08
85, 98, 3, 0, 2014-11-08
93, 94, 3, 4, 2014-11-08
92, 91, 0, 2, 2014-11-08
101, 100, 2, 0, 2014-11-08
88, 86, 0, 4, 2014-11-08
89, 99, 2, 0, 2014-11-08
86, 93, 4, 0, 2014-11-22
99, 102, 3, 2, 2014-11-22
97, 88, 1, 3, 2014-11-22
96, 89, 2, 2, 2014-11-22
91, 95, 1, 3, 2014-11-22
100, 85, 0, 1, 2014-11-22
90, 101, 2, 0, 2014-11-22
94, 92, 1, 2, 2014-11-22
98, 87, 2, 2, 2014-11-22
99, 96, 4, 1, 2014-11-29
95, 94, 5, 1, 2014-11-29
102, 97, 1, 0, 2014-11-29
85, 90, 3, 1, 2014-11-29
93, 91, 4, 3, 2014-11-29
92, 86, 0, 1, 2014-11-29
101, 98, 4, 0, 2014-11-29
88, 87, 2, 0, 2014-11-29
89, 100, 1, 4, 2014-11-29
86, 95, 1, 0, 2014-12-06
87, 93, 1, 0, 2014-12-06
97, 92, 3, 2, 2014-12-06
91, 102, 1, 3, 2014-12-06
88, 101, 5, 2, 2014-12-06
100, 99, 0, 4, 2014-12-06
90, 96, 2, 1, 2014-12-06
94, 85, 1, 2, 2014-12-06
98, 89, 1, 1, 2014-12-06
99, 94, 1, 2, 2014-12-13
95, 97, 1, 1, 2014-12-13
102, 98, 1, 1, 2014-12-13
96, 100, 1, 1, 2014-12-13
85, 86, 0, 4, 2014-12-13
93, 88, 3, 2, 2014-12-13
92, 87, 1, 0, 2014-12-13
101, 91, 3, 3, 2014-12-13
89, 90, 0, 0, 2014-12-13
86, 89, 2, 0, 2014-12-16
87, 102, 2, 2, 2014-12-16
97, 101, 4, 1, 2014-12-16
93, 95, 0, 1, 2014-12-16
91, 85, 2, 0, 2014-12-16
88, 92, 4, 4, 2014-12-16
90, 100, 0, 1, 2014-12-16
94, 96, 0, 0, 2014-12-16
98, 99, 1, 2, 2014-12-16
99, 90, 0, 0, 2014-12-20
95, 88, 1, 1, 2014-12-20
102, 94, 2, 1, 2014-12-20
96, 86, 1, 2, 2014-12-20
85, 97, 2, 1, 2014-12-20
92, 93, 0, 5, 2014-12-20
101, 87, 2, 1, 2014-12-20
89, 91, 2, 2, 2014-12-20
100, 98, 0, 0, 2014-12-20
102, 86, 4, 1, 2015-01-31
95, 87, 0, 0, 2015-01-31
100, 97, 0, 1, 2015-01-31
85, 93, 3, 1, 2015-01-31
99, 91, 1, 0, 2015-01-31
101, 92, 2, 0, 2015-01-31
89, 88, 4, 1, 2015-01-31
90, 94, 0, 2, 2015-01-31
96, 98, 5, 0, 2015-01-31
86, 99, 1, 1, 2015-02-03
92, 95, 0, 1, 2015-02-03
88, 102, 1, 1, 2015-02-03
91, 96, 1, 1, 2015-02-03
87, 85, 0, 1, 2015-02-03
93, 101, 1, 2, 2015-02-03
97, 89, 1, 0, 2015-02-03
94, 100, 0, 0, 2015-02-03
98, 90, 0, 3, 2015-02-03
100, 86, 0, 2, 2015-02-07
89, 87, 0, 3, 2015-02-07
101, 95, 2, 1, 2015-02-07
99, 97, 1, 0, 2015-02-07
102, 93, 3, 0, 2015-02-07
90, 91, 2, 1, 2015-02-07
96, 92, 0, 2, 2015-02-07
85, 88, 2, 2, 2015-02-07
94, 98, 0, 0, 2015-02-07
88, 99, 1, 0, 2015-02-14
95, 102, 4, 5, 2015-02-14
87, 96, 4, 2, 2015-02-14
101, 85, 3, 2, 2015-02-14
92, 89, 0, 2, 2015-02-14
93, 100, 2, 1, 2015-02-14
86, 90, 8, 0, 2015-02-14
97, 94, 1, 0, 2015-02-14
91, 98, 1, 2, 2015-02-14
98, 86, 0, 6, 2015-02-21
100, 87, 2, 3, 2015-02-21
85, 95, 2, 2, 2015-02-21
90, 97, 1, 1, 2015-02-21
89, 93, 1, 1, 2015-02-21
94, 91, 1, 1, 2015-02-21
102, 92, 2, 1, 2015-02-21
99, 101, 1, 1, 2015-02-21
96, 88, 3, 1, 2015-02-21
87, 99, 3, 0, 2015-02-28
101, 102, 3, 5, 2015-02-28
93, 96, 2, 0, 2015-02-28
92, 85, 1, 0, 2015-02-28
95, 89, 1, 0, 2015-02-28
91, 100, 1, 1, 2015-02-28
88, 90, 2, 1, 2015-02-28
86, 94, 4, 1, 2015-02-28
97, 98, 2, 0, 2015-02-28
91, 86, 1, 3, 2015-03-07
90, 87, 0, 0, 2015-03-07
98, 95, 0, 3, 2015-03-07
85, 102, 1, 0, 2015-03-07
96, 97, 2, 2, 2015-03-07
99, 93, 3, 1, 2015-03-07
100, 92, 0, 0, 2015-03-07
89, 101, 0, 1, 2015-03-07
94, 88, 4, 2, 2015-03-07
101, 86, 0, 4, 2015-03-14
92, 99, 2, 2, 2015-03-14
85, 96, 0, 2, 2015-03-14
97, 91, 2, 0, 2015-03-14
102, 89, 3, 0, 2015-03-14
95, 100, 4, 0, 2015-03-14
93, 90, 3, 0, 2015-03-14
87, 94, 0, 0, 2015-03-14
88, 98, 4, 0, 2015-03-14
91, 87, 2, 3, 2015-03-21
99, 95, 0, 1, 2015-03-21
96, 102, 1, 1, 2015-03-21
86, 97, 0, 2, 2015-03-21
89, 85, 2, 0, 2015-03-21
98, 93, 0, 0, 2015-03-21
90, 92, 0, 1, 2015-03-21
94, 101, 1, 1, 2015-03-21
100, 88, 3, 1, 2015-03-21
87, 86, 0, 1, 2015-04-04
85, 99, 0, 0, 2015-04-04
93, 97, 1, 4, 2015-04-04
101, 96, 0, 0, 2015-04-04
88, 91, 2, 2, 2015-04-04
102, 100, 3, 1, 2015-04-04
95, 90, 4, 0, 2015-04-04
89, 94, 1, 0, 2015-04-04
92, 98, 2, 0, 2015-04-04
97, 87, 3, 1, 2015-04-11
96, 95, 2, 3, 2015-04-11
90, 102, 0, 2, 2015-04-11
98, 85, 2, 1, 2015-04-11
94, 93, 3, 2, 2015-04-11
91, 92, 1, 1, 2015-04-11
100, 101, 3, 2, 2015-04-11
86, 88, 3, 0, 2015-04-11
99, 89, 0, 0, 2015-04-11
93, 86, 0, 2, 2015-04-18
102, 99, 1, 1, 2015-04-18
88, 97, 0, 0, 2015-04-18
89, 96, 2, 3, 2015-04-18
95, 91, 4, 0, 2015-04-18
85, 100, 2, 1, 2015-04-18
101, 90, 1, 0, 2015-04-18
92, 94, 0, 0, 2015-04-18
87, 98, 3, 0, 2015-04-18
96, 99, 2, 0, 2015-04-25
94, 95, 1, 1, 2015-04-25
97, 102, 1, 0, 2015-04-25
90, 85, 3, 2, 2015-04-25
91, 93, 1, 2, 2015-04-25
86, 92, 1, 0, 2015-04-25
98, 101, 2, 2, 2015-04-25
87, 88, 2, 0, 2015-04-25
100, 89, 2, 2, 2015-04-25
95, 86, 2, 0, 2015-05-02
93, 87, 1, 1, 2015-05-02
92, 97, 1, 2, 2015-05-02
102, 91, 2, 2, 2015-05-02
101, 88, 1, 0, 2015-05-02
99, 100, 3, 2, 2015-05-02
96, 90, 1, 2, 2015-05-02
85, 94, 0, 0, 2015-05-02
89, 98, 1, 2, 2015-05-02
