68, 73, 0, 1, 2014-08-30
79, 70, 2, 0, 2014-08-30
65, 84, 0, 0, 2014-08-31
75, 74, 3, 1, 2014-08-31
67, 78, 1, 0, 2014-08-31
71, 76, 1, 2, 2014-08-31
77, 80, 1, 1, 2014-08-31
81, 66, 1, 1, 2014-08-31
82, 72, 0, 0, 2014-08-31
83, 69, 2, 0, 2014-08-31
69, 79, 0, 1, 2014-09-13
73, 83, 2, 0, 2014-09-13
80, 82, 2, 0, 2014-09-14
66, 65, 1, 2, 2014-09-14
70, 71, 0, 0, 2014-09-14
72, 81, 7, 0, 2014-09-14
74, 67, 3, 0, 2014-09-14
76, 68, 0, 1, 2014-09-14
78, 75, 4, 5, 2014-09-14
84, 77, 2, 1, 2014-09-15
67, 69, 2, 2, 2014-09-20
75, 73, 0, 1, 2014-09-20
68, 78, 2, 3, 2014-09-21
71, 74, 1, 0, 2014-09-21
79, 66, 2, 0, 2014-09-21
81, 80, 0, 0, 2014-09-21
65, 70, 0, 1, 2014-09-21
83, 76, 1, 0, 2014-09-21
77, 72, 1, 1, 2014-09-21
82, 84, 0, 1, 2014-09-21
69, 75, 2, 2, 2014-09-23
66, 82, 1, 2, 2014-09-24
70, 81, 0, 0, 2014-09-24
84, 71, 2, 2, 2014-09-24
72, 65, 2, 0, 2014-09-24
73, 67, 3, 0, 2014-09-24
76, 77, 3, 3, 2014-09-24
78, 79, 1, 2, 2014-09-24
80, 68, 2, 1, 2014-09-24
74, 83, 0, 1, 2014-09-25
79, 84, 2, 0, 2014-09-27
65, 73, 0, 3, 2014-09-27
81, 76, 0, 1, 2014-09-28
67, 75, 1, 1, 2014-09-28
68, 69, 1, 1, 2014-09-28
72, 66, 1, 4, 2014-09-28
82, 70, 1, 1, 2014-09-28
71, 80, 0, 1, 2014-09-28
83, 78, 4, 2, 2014-09-29
77, 74, 0, 4, 2014-09-29
84, 66, 1, 0, 2014-10-04
75, 68, 2, 0, 2014-10-04
69, 77, 3, 0, 2014-10-05
74, 81, 3, 2, 2014-10-05
78, 71, 1, 2, 2014-10-05
80, 65, 1, 0, 2014-10-05
83, 67, 1, 1, 2014-10-05
73, 79, 3, 2, 2014-10-05
70, 72, 3, 0, 2014-10-05
76, 82, 2, 1, 2014-10-05
79, 68, 3, 0, 2014-10-18
70, 74, 0, 2, 2014-10-19
65, 78, 1, 0, 2014-10-19
66, 80, 2, 2, 2014-10-19
84, 75, 1, 3, 2014-10-19
77, 67, 2, 1, 2014-10-19
82, 83, 1, 0, 2014-10-19
72, 76, 2, 2, 2014-10-19
81, 73, 1, 1, 2014-10-19
71, 69, 1, 1, 2014-10-20
69, 66, 0, 4, 2014-10-25
78, 81, 1, 3, 2014-10-25
80, 79, 0, 0, 2014-10-25
68, 71, 1, 2, 2014-10-26
73, 77, 2, 0, 2014-10-26
83, 65, 2, 0, 2014-10-26
67, 72, 0, 1, 2014-10-26
74, 82, 2, 1, 2014-10-26
76, 84, 6, 2, 2014-10-26
75, 70, 1, 1, 2014-10-26
81, 69, 3, 1, 2014-10-28
65, 76, 1, 1, 2014-10-29
66, 75, 1, 1, 2014-10-29
70, 83, 3, 0, 2014-10-29
71, 73, 1, 0, 2014-10-29
72, 80, 1, 0, 2014-10-29
77, 68, 1, 0, 2014-10-29
79, 67, 2, 0, 2014-10-29
82, 78, 1, 0, 2014-10-29
84, 74, 1, 1, 2014-10-30
76, 79, 2, 0, 2014-11-01
69, 73, 0, 2, 2014-11-01
78, 72, 2, 0, 2014-11-01
68, 81, 0, 0, 2014-11-02
80, 70, 3, 1, 2014-11-02
82, 65, 0, 0, 2014-11-02
83, 71, 2, 4, 2014-11-02
75, 77, 0, 2, 2014-11-02
67, 84, 1, 1, 2014-11-03
74, 66, 4, 2, 2014-11-03
81, 65, 0, 0, 2014-11-08
80, 75, 2, 2, 2014-11-08
66, 71, 1, 1, 2014-11-09
68, 67, 2, 1, 2014-11-09
69, 74, 2, 1, 2014-11-09
73, 78, 7, 0, 2014-11-09
77, 83, 1, 1, 2014-11-09
70, 76, 0, 1, 2014-11-09
72, 84, 2, 2, 2014-11-09
79, 82, 3, 0, 2014-11-09
65, 79, 1, 2, 2014-11-22
74, 73, 0, 3, 2014-11-22
82, 81, 0, 1, 2014-11-23
67, 80, 1, 1, 2014-11-23
84, 70, 1, 2, 2014-11-23
76, 66, 3, 3, 2014-11-23
78, 69, 0, 2, 2014-11-23
83, 68, 1, 1, 2014-11-23
75, 72, 1, 1, 2014-11-23
71, 77, 1, 1, 2014-11-24
81, 84, 2, 1, 2014-11-29
68, 74, 0, 0, 2014-11-29
67, 71, 0, 3, 2014-11-30
69, 65, 0, 0, 2014-11-30
75, 83, 2, 0, 2014-11-30
77, 78, 2, 1, 2014-11-30
73, 82, 2, 1, 2014-11-30
79, 72, 4, 2, 2014-11-30
66, 70, 0, 4, 2014-12-01
80, 76, 1, 1, 2014-12-01
70, 73, 0, 0, 2014-12-05
79, 81, 2, 2, 2014-12-06
82, 77, 2, 2, 2014-12-06
76, 69, 2, 2, 2014-12-07
65, 67, 3, 2, 2014-12-07
71, 75, 1, 0, 2014-12-07
78, 74, 1, 2, 2014-12-07
72, 83, 1, 2, 2014-12-07
66, 68, 0, 2, 2014-12-08
84, 80, 1, 3, 2014-12-08
77, 81, 2, 1, 2014-12-13
74, 65, 3, 0, 2014-12-13
73, 80, 1, 1, 2014-12-14
71, 79, 0, 1, 2014-12-14
78, 66, 0, 0, 2014-12-14
83, 84, 1, 2, 2014-12-14
67, 70, 1, 4, 2014-12-14
75, 76, 2, 0, 2014-12-14
69, 82, 0, 0, 2014-12-15
68, 72, 0, 2, 2014-12-15
66, 73, 1, 3, 2014-12-18
76, 78, 2, 0, 2014-12-18
81, 67, 1, 1, 2014-12-20
79, 75, 0, 0, 2014-12-20
84, 68, 0, 1, 2014-12-21
65, 77, 3, 3, 2014-12-21
70, 69, 1, 1, 2014-12-21
80, 83, 2, 2, 2014-12-21
82, 71, 2, 1, 2014-12-21
72, 74, 2, 2, 2014-12-21
67, 76, 1, 4, 2015-01-06
68, 82, 0, 0, 2015-01-06
69, 84, 0, 0, 2015-01-06
71, 65, 2, 2, 2015-01-06
73, 72, 1, 1, 2015-01-06
74, 80, 3, 0, 2015-01-06
75, 81, 1, 2, 2015-01-06
77, 66, 5, 0, 2015-01-06
78, 70, 1, 0, 2015-01-06
83, 79, 0, 1, 2015-01-06
65, 68, 1, 1, 2015-01-11
66, 67, 2, 1, 2015-01-11
70, 77, 4, 3, 2015-01-11
84, 78, 3, 1, 2015-01-11
72, 71, 3, 1, 2015-01-11
76, 73, 1, 3, 2015-01-11
79, 74, 2, 2, 2015-01-11
80, 69, 1, 0, 2015-01-11
81, 83, 1, 1, 2015-01-11
82, 75, 1, 1, 2015-01-11
67, 82, 2, 3, 2015-01-18
68, 70, 1, 2, 2015-01-18
69, 72, 0, 0, 2015-01-18
71, 81, 3, 3, 2015-01-18
73, 84, 4, 0, 2015-01-18
74, 76, 0, 1, 2015-01-18
75, 65, 0, 1, 2015-01-18
77, 79, 1, 1, 2015-01-18
78, 80, 0, 2, 2015-01-18
83, 66, 2, 2, 2015-01-18
84, 65, 1, 0, 2015-01-25
78, 67, 1, 2, 2015-01-25
73, 68, 2, 0, 2015-01-25
76, 71, 2, 1, 2015-01-25
74, 75, 3, 1, 2015-01-25
80, 77, 1, 1, 2015-01-25
70, 79, 1, 1, 2015-01-25
66, 81, 2, 1, 2015-01-25
72, 82, 0, 1, 2015-01-25
69, 83, 1, 2, 2015-01-25
65, 66, 2, 1, 2015-02-01
79, 69, 1, 1, 2015-02-01
71, 70, 1, 1, 2015-02-01
77, 84, 2, 1, 2015-02-01
81, 72, 3, 1, 2015-02-01
83, 73, 0, 0, 2015-02-01
67, 74, 2, 1, 2015-02-01
68, 76, 1, 2, 2015-02-01
75, 78, 3, 1, 2015-02-01
82, 80, 5, 1, 2015-02-01
70, 65, 3, 2, 2015-02-08
69, 67, 2, 0, 2015-02-08
78, 68, 0, 1, 2015-02-08
74, 71, 0, 1, 2015-02-08
73, 75, 3, 1, 2015-02-08
72, 77, 3, 0, 2015-02-08
66, 79, 1, 2, 2015-02-08
80, 81, 1, 1, 2015-02-08
84, 82, 1, 3, 2015-02-08
76, 83, 3, 1, 2015-02-08
82, 66, 1, 1, 2015-02-15
75, 69, 1, 1, 2015-02-15
81, 70, 1, 3, 2015-02-15
71, 84, 5, 2, 2015-02-15
65, 72, 1, 4, 2015-02-15
67, 73, 2, 2, 2015-02-15
83, 74, 0, 1, 2015-02-15
77, 76, 3, 1, 2015-02-15
79, 78, 0, 0, 2015-02-15
68, 80, 2, 1, 2015-02-15
73, 65, 2, 1, 2015-02-22
75, 67, 2, 0, 2015-02-22
69, 68, 3, 0, 2015-02-22
80, 71, 1, 1, 2015-02-22
66, 72, 1, 2, 2015-02-22
74, 77, 2, 1, 2015-02-22
84, 79, 1, 1, 2015-02-22
76, 81, 2, 0, 2015-02-22
70, 82, 1, 1, 2015-02-22
78, 83, 1, 0, 2015-02-22
77, 69, 0, 0, 2015-03-01
72, 70, 0, 1, 2015-03-01
66, 84, 1, 2, 2015-03-01
79, 73, 1, 1, 2015-03-01
81, 74, 0, 3, 2015-03-01
68, 75, 0, 0, 2015-03-01
82, 76, 1, 0, 2015-03-01
71, 78, 2, 0, 2015-03-01
65, 80, 1, 2, 2015-03-01
67, 83, 1, 0, 2015-03-01
78, 65, 0, 0, 2015-03-08
80, 66, 2, 0, 2015-03-08
74, 70, 4, 0, 2015-03-08
69, 71, 1, 1, 2015-03-08
75, 84, 2, 2, 2015-03-08
76, 72, 2, 2, 2015-03-08
67, 77, 0, 0, 2015-03-08
68, 79, 0, 0, 2015-03-08
73, 81, 1, 0, 2015-03-08
83, 82, 3, 2, 2015-03-08
72, 67, 1, 1, 2015-03-15
71, 68, 0, 2, 2015-03-15
66, 69, 1, 1, 2015-03-15
77, 73, 0, 1, 2015-03-15
82, 74, 0, 2, 2015-03-15
70, 75, 2, 1, 2015-03-15
84, 76, 2, 0, 2015-03-15
81, 78, 4, 1, 2015-03-15
79, 80, 0, 2, 2015-03-15
65, 83, 0, 0, 2015-03-15
76, 65, 1, 1, 2015-03-22
75, 66, 3, 1, 2015-03-22
83, 70, 2, 2, 2015-03-22
73, 71, 1, 0, 2015-03-22
74, 84, 2, 0, 2015-03-22
80, 72, 1, 0, 2015-03-22
68, 77, 1, 0, 2015-03-22
67, 79, 0, 1, 2015-03-22
69, 81, 3, 1, 2015-03-22
78, 82, 0, 2, 2015-03-22
84, 67, 3, 3, 2015-04-04
81, 68, 1, 0, 2015-04-04
73, 69, 2, 0, 2015-04-04
66, 74, 1, 3, 2015-04-04
77, 75, 1, 2, 2015-04-04
79, 76, 1, 0, 2015-04-04
72, 78, 1, 1, 2015-04-04
70, 80, 2, 0, 2015-04-04
65, 82, 1, 2, 2015-04-04
71, 83, 1, 1, 2015-04-04
71, 66, 2, 0, 2015-04-12
67, 68, 0, 1, 2015-04-12
74, 69, 4, 0, 2015-04-12
76, 70, 3, 0, 2015-04-12
84, 72, 0, 3, 2015-04-12
78, 73, 1, 0, 2015-04-12
83, 77, 1, 3, 2015-04-12
82, 79, 1, 1, 2015-04-12
75, 80, 1, 1, 2015-04-12
65, 81, 2, 1, 2015-04-12
79, 65, 1, 1, 2015-04-19
80, 67, 0, 0, 2015-04-19
77, 71, 2, 1, 2015-04-19
70, 84, 0, 1, 2015-04-19
73, 74, 2, 0, 2015-04-19
72, 75, 1, 1, 2015-04-19
66, 76, 0, 3, 2015-04-19
69, 78, 2, 2, 2015-04-19
81, 82, 1, 1, 2015-04-19
68, 83, 1, 1, 2015-04-19
70, 66, 1, 3, 2015-04-26
71, 67, 3, 1, 2015-04-26
74, 68, 1, 1, 2015-04-26
65, 69, 2, 2, 2015-04-26
82, 73, 2, 1, 2015-04-26
83, 75, 2, 1, 2015-04-26
78, 77, 1, 0, 2015-04-26
72, 79, 2, 1, 2015-04-26
76, 80, 4, 2, 2015-04-26
84, 81, 3, 2, 2015-04-26
67, 65, 2, 2, 2015-04-29
68, 66, 1, 0, 2015-04-29
73, 70, 3, 2, 2015-04-29
75, 71, 1, 3, 2015-04-29
80, 84, 1, 1, 2015-04-29
83, 72, 1, 2, 2015-04-29
69, 76, 4, 2, 2015-04-29
74, 78, 4, 0, 2015-04-29
81, 79, 0, 3, 2015-04-29
77, 82, 2, 2, 2015-04-29
70, 67, 3, 1, 2015-05-03
72, 68, 0, 0, 2015-05-03
79, 71, 2, 0, 2015-05-03
80, 73, 0, 1, 2015-05-03
65, 74, 1, 1, 2015-05-03
76, 75, 3, 0, 2015-05-03
81, 77, 0, 0, 2015-05-03
84, 83, 0, 1, 2015-05-03
