58, 46, 1, 0, 2014-08-23
62, 63, 1, 1, 2014-08-23
56, 51, 2, 1, 2014-08-23
45, 54, 1, 1, 2014-08-23
52, 61, 1, 0, 2014-08-24
49, 55, 3, 1, 2014-08-24
48, 53, 3, 0, 2014-08-24
57, 64, 0, 2, 2014-08-24
60, 50, 2, 0, 2014-08-25
59, 47, 0, 0, 2014-08-25
55, 45, 1, 0, 2014-08-29
63, 58, 3, 0, 2014-08-29
50, 49, 1, 1, 2014-08-30
46, 57, 3, 0, 2014-08-30
47, 52, 2, 1, 2014-08-30
54, 62, 1, 2, 2014-08-30
64, 48, 0, 1, 2014-08-31
61, 60, 4, 2, 2014-08-31
51, 59, 2, 2, 2014-08-31
53, 56, 1, 1, 2014-08-31
45, 50, 1, 1, 2014-09-12
48, 46, 2, 0, 2014-09-12
58, 57, 0, 0, 2014-09-12
60, 47, 1, 2, 2014-09-12
49, 61, 2, 2, 2014-09-12
59, 53, 2, 3, 2014-09-14
63, 54, 3, 1, 2014-09-14
62, 55, 2, 0, 2014-09-14
56, 64, 0, 0, 2014-09-14
52, 51, 0, 1, 2014-09-15
53, 52, 0, 2, 2014-09-19
51, 60, 2, 8, 2014-09-20
46, 56, 0, 1, 2014-09-20
47, 49, 2, 2, 2014-09-20
54, 58, 2, 2, 2014-09-20
61, 45, 1, 2, 2014-09-21
64, 59, 4, 2, 2014-09-21
50, 62, 1, 3, 2014-09-21
57, 48, 0, 5, 2014-09-21
55, 63, 0, 3, 2014-09-22
60, 53, 5, 1, 2014-09-23
49, 51, 2, 1, 2014-09-23
45, 47, 0, 1, 2014-09-24
52, 64, 1, 1, 2014-09-24
59, 46, 2, 1, 2014-09-24
62, 61, 1, 0, 2014-09-24
56, 57, 0, 1, 2014-09-24
58, 48, 0, 0, 2014-09-24
54, 55, 2, 0, 2014-09-25
63, 50, 3, 0, 2014-09-25
53, 49, 0, 1, 2014-09-26
47, 62, 4, 0, 2014-09-27
57, 59, 0, 2, 2014-09-27
64, 60, 0, 2, 2014-09-28
46, 52, 0, 0, 2014-09-28
48, 56, 6, 0, 2014-09-28
55, 58, 1, 0, 2014-09-28
61, 63, 1, 1, 2014-09-28
50, 54, 0, 0, 2014-09-28
51, 45, 0, 1, 2014-09-29
55, 50, 1, 1, 2014-10-05
54, 61, 2, 0, 2014-10-05
63, 47, 3, 1, 2014-10-05
62, 51, 4, 1, 2014-10-05
45, 53, 2, 2, 2014-10-05
49, 64, 1, 3, 2014-10-05
60, 46, 5, 0, 2014-10-05
52, 57, 3, 3, 2014-10-05
59, 48, 0, 2, 2014-10-05
58, 56, 2, 1, 2014-10-05
50, 58, 1, 2, 2014-10-19
61, 55, 1, 2, 2014-10-19
47, 54, 2, 0, 2014-10-19
51, 63, 3, 0, 2014-10-19
53, 62, 0, 2, 2014-10-19
64, 45, 2, 0, 2014-10-19
46, 49, 1, 1, 2014-10-19
57, 60, 0, 5, 2014-10-19
48, 52, 3, 0, 2014-10-19
56, 59, 0, 1, 2014-10-19
50, 61, 1, 1, 2014-10-26
55, 47, 0, 1, 2014-10-26
54, 51, 0, 0, 2014-10-26
63, 53, 3, 1, 2014-10-26
62, 64, 2, 1, 2014-10-26
45, 46, 0, 1, 2014-10-26
49, 57, 3, 0, 2014-10-26
60, 48, 3, 1, 2014-10-26
52, 56, 1, 1, 2014-10-26
58, 59, 4, 0, 2014-10-26
61, 58, 0, 1, 2014-11-02
47, 50, 4, 2, 2014-11-02
51, 55, 1, 2, 2014-11-02
53, 54, 2, 1, 2014-11-02
64, 63, 1, 3, 2014-11-02
46, 62, 1, 0, 2014-11-02
57, 45, 2, 1, 2014-11-02
48, 49, 0, 1, 2014-11-02
56, 60, 0, 4, 2014-11-02
59, 52, 2, 3, 2014-11-02
61, 47, 2, 1, 2014-11-09
50, 51, 0, 0, 2014-11-09
55, 53, 0, 0, 2014-11-09
54, 64, 1, 1, 2014-11-09
63, 46, 0, 0, 2014-11-09
62, 57, 1, 1, 2014-11-09
45, 48, 1, 2, 2014-11-09
49, 56, 0, 0, 2014-11-09
60, 59, 5, 1, 2014-11-09
58, 52, 2, 1, 2014-11-09
47, 58, 3, 1, 2014-11-23
51, 61, 0, 0, 2014-11-23
53, 50, 2, 2, 2014-11-23
64, 55, 2, 1, 2014-11-23
46, 54, 3, 1, 2014-11-23
57, 63, 2, 1, 2014-11-23
48, 62, 5, 1, 2014-11-23
56, 45, 0, 0, 2014-11-23
59, 49, 1, 0, 2014-11-23
52, 60, 0, 4, 2014-11-23
47, 51, 2, 0, 2014-11-30
61, 53, 3, 0, 2014-11-30
50, 64, 0, 2, 2014-11-30
55, 46, 1, 2, 2014-11-30
54, 57, 2, 1, 2014-11-30
63, 48, 0, 1, 2014-11-30
62, 56, 5, 1, 2014-11-30
45, 59, 0, 1, 2014-11-30
49, 52, 0, 1, 2014-11-30
58, 60, 1, 2, 2014-11-30
51, 58, 0, 1, 2014-12-07
53, 47, 0, 2, 2014-12-07
64, 61, 4, 0, 2014-12-07
46, 50, 0, 1, 2014-12-07
57, 55, 1, 1, 2014-12-07
48, 54, 5, 1, 2014-12-07
56, 63, 1, 1, 2014-12-07
59, 62, 0, 1, 2014-12-07
52, 45, 5, 2, 2014-12-07
60, 49, 3, 0, 2014-12-07
51, 53, 1, 0, 2014-12-14
47, 64, 0, 1, 2014-12-14
61, 46, 1, 1, 2014-12-14
50, 57, 0, 0, 2014-12-14
55, 48, 0, 0, 2014-12-14
54, 56, 2, 1, 2014-12-14
63, 59, 3, 0, 2014-12-14
62, 52, 0, 0, 2014-12-14
45, 60, 1, 4, 2014-12-14
58, 49, 1, 0, 2014-12-14
53, 58, 1, 2, 2014-12-21
64, 51, 3, 0, 2014-12-21
46, 47, 1, 4, 2014-12-21
57, 61, 1, 1, 2014-12-21
48, 50, 5, 0, 2014-12-21
56, 55, 1, 1, 2014-12-21
59, 54, 1, 3, 2014-12-21
52, 63, 0, 1, 2014-12-21
60, 62, 2, 1, 2014-12-21
49, 45, 0, 1, 2014-12-21
53, 64, 2, 2, 2015-01-04
51, 46, 1, 0, 2015-01-04
47, 57, 3, 1, 2015-01-04
61, 48, 1, 0, 2015-01-04
50, 56, 2, 0, 2015-01-04
55, 59, 1, 2, 2015-01-04
54, 52, 1, 2, 2015-01-04
63, 60, 2, 1, 2015-01-04
62, 49, 1, 0, 2015-01-04
58, 45, 1, 2, 2015-01-04
58, 64, 1, 1, 2015-01-11
46, 53, 1, 2, 2015-01-11
57, 51, 0, 0, 2015-01-11
48, 47, 3, 1, 2015-01-11
56, 61, 1, 1, 2015-01-11
59, 50, 0, 1, 2015-01-11
52, 55, 2, 1, 2015-01-11
60, 54, 3, 0, 2015-01-11
49, 63, 1, 1, 2015-01-11
45, 62, 0, 2, 2015-01-11
64, 46, 2, 0, 2015-01-18
53, 57, 1, 0, 2015-01-18
51, 48, 0, 4, 2015-01-18
47, 56, 2, 0, 2015-01-18
61, 59, 0, 1, 2015-01-18
50, 52, 1, 1, 2015-01-18
55, 60, 0, 3, 2015-01-18
54, 49, 1, 0, 2015-01-18
63, 45, 3, 2, 2015-01-18
62, 58, 2, 0, 2015-01-18
63, 62, 3, 1, 2015-01-25
64, 57, 1, 0, 2015-01-25
47, 59, 3, 1, 2015-01-25
55, 49, 2, 1, 2015-01-25
53, 48, 0, 6, 2015-01-25
54, 45, 3, 0, 2015-01-25
61, 52, 1, 0, 2015-01-25
46, 58, 1, 1, 2015-01-25
51, 56, 2, 2, 2015-01-25
50, 60, 1, 2, 2015-01-25
58, 63, 1, 0, 2015-02-01
62, 54, 3, 2, 2015-02-01
45, 55, 1, 0, 2015-02-01
49, 50, 1, 0, 2015-02-01
60, 61, 4, 1, 2015-02-01
52, 47, 1, 3, 2015-02-01
59, 51, 1, 2, 2015-02-01
56, 53, 1, 0, 2015-02-01
48, 64, 3, 2, 2015-02-01
57, 46, 0, 2, 2015-02-01
54, 63, 1, 2, 2015-02-08
55, 62, 2, 1, 2015-02-08
50, 45, 1, 2, 2015-02-08
61, 49, 1, 1, 2015-02-08
47, 60, 4, 0, 2015-02-08
51, 52, 2, 0, 2015-02-08
53, 59, 2, 0, 2015-02-08
64, 56, 2, 0, 2015-02-08
46, 48, 2, 5, 2015-02-08
57, 58, 4, 1, 2015-02-08
58, 54, 0, 2, 2015-02-15
63, 55, 1, 0, 2015-02-15
62, 50, 3, 0, 2015-02-15
45, 61, 2, 2, 2015-02-15
49, 47, 2, 0, 2015-02-15
60, 51, 2, 0, 2015-02-15
52, 53, 0, 1, 2015-02-15
59, 64, 2, 0, 2015-02-15
56, 46, 0, 0, 2015-02-15
48, 57, 5, 0, 2015-02-15
55, 54, 2, 1, 2015-02-22
50, 63, 1, 2, 2015-02-22
61, 62, 4, 3, 2015-02-22
47, 45, 3, 0, 2015-02-22
51, 49, 0, 2, 2015-02-22
53, 60, 0, 2, 2015-02-22
64, 52, 1, 0, 2015-02-22
46, 59, 1, 0, 2015-02-22
57, 56, 2, 1, 2015-02-22
48, 58, 0, 1, 2015-02-22
58, 55, 3, 2, 2015-03-01
54, 50, 1, 0, 2015-03-01
63, 61, 2, 0, 2015-03-01
62, 47, 0, 0, 2015-03-01
45, 51, 0, 0, 2015-03-01
49, 53, 1, 1, 2015-03-01
60, 64, 1, 1, 2015-03-01
52, 46, 0, 1, 2015-03-01
59, 57, 4, 2, 2015-03-01
56, 48, 1, 3, 2015-03-01
50, 55, 1, 2, 2015-03-08
61, 54, 1, 0, 2015-03-08
47, 63, 1, 1, 2015-03-08
51, 62, 3, 4, 2015-03-08
53, 45, 1, 0, 2015-03-08
64, 49, 4, 1, 2015-03-08
46, 60, 1, 0, 2015-03-08
57, 52, 2, 1, 2015-03-08
48, 59, 6, 1, 2015-03-08
56, 58, 1, 0, 2015-03-08
58, 50, 2, 0, 2015-03-15
55, 61, 0, 1, 2015-03-15
54, 47, 0, 0, 2015-03-15
63, 51, 2, 0, 2015-03-15
62, 53, 3, 0, 2015-03-15
45, 64, 0, 0, 2015-03-15
49, 46, 1, 2, 2015-03-15
60, 57, 2, 0, 2015-03-15
52, 48, 0, 2, 2015-03-15
59, 56, 3, 1, 2015-03-15
61, 50, 3, 1, 2015-03-22
47, 55, 2, 0, 2015-03-22
51, 54, 0, 0, 2015-03-22
53, 63, 0, 4, 2015-03-22
64, 62, 0, 2, 2015-03-22
46, 45, 2, 1, 2015-03-22
57, 49, 0, 1, 2015-03-22
48, 60, 2, 1, 2015-03-22
56, 52, 0, 0, 2015-03-22
59, 58, 1, 0, 2015-03-22
58, 61, 1, 1, 2015-04-05
50, 47, 0, 2, 2015-04-05
55, 51, 2, 1, 2015-04-05
54, 53, 1, 1, 2015-04-05
63, 64, 0, 0, 2015-04-05
62, 46, 2, 0, 2015-04-05
45, 57, 1, 4, 2015-04-05
49, 48, 0, 1, 2015-04-05
60, 56, 9, 1, 2015-04-05
52, 59, 1, 2, 2015-04-05
47, 61, 2, 0, 2015-04-08
51, 50, 1, 1, 2015-04-08
53, 55, 0, 1, 2015-04-08
64, 54, 0, 3, 2015-04-08
46, 63, 1, 1, 2015-04-08
57, 62, 1, 2, 2015-04-08
48, 45, 4, 0, 2015-04-08
56, 49, 1, 1, 2015-04-08
59, 60, 0, 2, 2015-04-08
52, 58, 1, 0, 2015-04-08
58, 47, 2, 2, 2015-04-12
61, 51, 2, 2, 2015-04-12
50, 53, 0, 2, 2015-04-12
55, 64, 1, 1, 2015-04-12
54, 46, 1, 0, 2015-04-12
63, 57, 3, 0, 2015-04-12
62, 48, 2, 2, 2015-04-12
45, 56, 3, 0, 2015-04-12
49, 59, 6, 1, 2015-04-12
60, 52, 3, 0, 2015-04-12
51, 47, 1, 2, 2015-04-19
53, 61, 1, 0, 2015-04-19
64, 50, 0, 0, 2015-04-19
46, 55, 4, 0, 2015-04-19
57, 54, 2, 2, 2015-04-19
48, 63, 2, 0, 2015-04-19
56, 62, 1, 1, 2015-04-19
59, 45, 2, 0, 2015-04-19
52, 49, 0, 1, 2015-04-19
60, 58, 3, 1, 2015-04-19
58, 51, 1, 1, 2015-04-26
47, 53, 3, 0, 2015-04-26
61, 64, 0, 0, 2015-04-26
50, 46, 0, 1, 2015-04-26
55, 57, 0, 1, 2015-04-26
54, 48, 0, 2, 2015-04-26
63, 56, 4, 0, 2015-04-26
62, 59, 2, 0, 2015-04-26
45, 52, 2, 0, 2015-04-26
49, 60, 2, 4, 2015-04-26
53, 51, 4, 0, 2015-04-29
64, 47, 0, 1, 2015-04-29
46, 61, 1, 1, 2015-04-29
57, 50, 1, 0, 2015-04-29
48, 55, 6, 0, 2015-04-29
56, 54, 1, 2, 2015-04-29
59, 63, 1, 1, 2015-04-29
52, 62, 1, 3, 2015-04-29
60, 45, 3, 0, 2015-04-29
49, 58, 1, 0, 2015-04-29
58, 53, 1, 2, 2015-05-03
51, 64, 1, 1, 2015-05-03
47, 46, 0, 0, 2015-05-03
61, 57, 3, 0, 2015-05-03
50, 48, 0, 8, 2015-05-03
55, 56, 1, 2, 2015-05-03
54, 59, 1, 1, 2015-05-03
63, 52, 3, 1, 2015-05-03
62, 60, 2, 3, 2015-05-03
